width = 50
height = 50
:Roads
51;51;(3,1)(3,50)(4,50)(4,1)
52;52;(7,1)(7,50)(8,50)(8,1)
53;53;(13,1)(13,50)(14,50)(14,1)
54;54;(18,1)(18,50)(19,50)(19,1)
55;55;(22,1)(22,50)(23,50)(23,1)
56;56;(28,1)(28,50)(29,50)(29,1)
57;57;(32,1)(32,50)(33,50)(33,1)
58;58;(37,1)(37,50)(38,50)(38,1)
59;59;(42,1)(42,50)(43,50)(43,1)
60;60;(48,1)(48,50)(49,50)(49,1)
1;1;(1,5)(50,5)(50,4)(1,4)
2;2;(1,23)(50,23)(50,22)(1,22)
3;3;(1,41)(50,41)(50,40)(1,40)
:end
:Signals
60;(36,39);red;7;[63];[61,62]
61;(36,42);green;7;[62];[60,63]
62;(39,39);green;7;[61];[60,63]
63;(39,42);red;7;[60];[61,62]
56;(17,21);green;6;[59];[57,58]
57;(17,24);red;6;[58];[56,59]
58;(20,21);red;6;[57];[56,59]
59;(20,24);green;6;[56];[57,58]
52;(2,39);red;7;[55];[53,54]
53;(2,42);green;7;[54];[52,55]
54;(5,39);green;7;[53];[52,55]
55;(5,42);red;7;[52];[53,54]
48;(31,21);red;9;[51];[49,50]
49;(31,24);green;9;[50];[48,51]
50;(34,21);green;9;[49];[48,51]
51;(34,24);red;9;[48];[49,50]
44;(6,3);green;6;[47];[45,46]
45;(6,6);red;6;[46];[44,47]
46;(9,3);red;6;[45];[44,47]
47;(9,6);green;6;[44];[45,46]
40;(41,39);red;7;[43];[41,42]
41;(41,42);green;7;[42];[40,43]
42;(44,39);green;7;[41];[40,43]
43;(44,42);red;7;[40];[41,42]
36;(21,21);red;9;[39];[37,38]
37;(21,24);green;9;[38];[36,39]
38;(24,21);green;9;[37];[36,39]
39;(24,24);red;9;[36];[37,38]
32;(17,39);red;8;[35];[33,34]
33;(17,42);green;8;[34];[32,35]
34;(20,39);green;8;[33];[32,35]
35;(20,42);red;8;[32];[33,34]
28;(27,21);red;9;[31];[29,30]
29;(27,24);green;9;[30];[28,31]
30;(30,21);green;9;[29];[28,31]
31;(30,24);red;9;[28];[29,30]
24;(27,3);red;7;[27];[25,26]
25;(27,6);green;7;[26];[24,27]
26;(30,3);green;7;[25];[24,27]
27;(30,6);red;7;[24];[25,26]
20;(36,21);green;10;[23];[21,22]
21;(36,24);red;10;[22];[20,23]
22;(39,21);red;10;[21];[20,23]
23;(39,24);green;10;[20];[21,22]
16;(6,39);red;8;[19];[17,18]
17;(6,42);green;8;[18];[16,19]
18;(9,39);green;8;[17];[16,19]
19;(9,42);red;8;[16];[17,18]
12;(21,3);green;10;[15];[13,14]
13;(21,6);red;10;[14];[12,15]
14;(24,3);red;10;[13];[12,15]
15;(24,6);green;10;[12];[13,14]
8;(21,39);red;7;[11];[9,10]
9;(21,42);green;7;[10];[8,11]
10;(24,39);green;7;[9];[8,11]
11;(24,42);red;7;[8];[9,10]
4;(36,3);red;7;[7];[5,6]
5;(36,6);green;7;[6];[4,7]
6;(39,3);green;7;[5];[4,7]
7;(39,6);red;7;[4];[5,6]
:end
:Buildings
51;51;(2,1)
634;634;(5,1)
297;297;(6,1)
530;530;(9,1)
544;544;(12,1)
772;772;(15,1)
328;328;(17,1)
242;242;(20,1)
222;222;(21,1)
663;663;(24,1)
601;601;(27,1)
219;219;(30,1)
521;521;(31,1)
784;784;(34,1)
438;438;(36,1)
103;103;(39,1)
733;733;(41,1)
232;232;(44,1)
104;104;(47,1)
276;276;(50,1)
593;593;(2,2)
37;37;(5,2)
214;214;(6,2)
453;453;(9,2)
550;550;(12,2)
311;311;(15,2)
39;39;(17,2)
780;780;(20,2)
60;60;(21,2)
682;682;(24,2)
272;272;(27,2)
624;624;(30,2)
178;178;(31,2)
378;378;(34,2)
263;263;(36,2)
489;489;(39,2)
541;541;(41,2)
50;50;(44,2)
132;132;(47,2)
675;675;(50,2)
150;150;(1,3)
369;369;(10,3)
296;296;(11,3)
15;15;(16,3)
691;691;(25,3)
802;802;(26,3)
389;389;(35,3)
654;654;(40,3)
408;408;(45,3)
121;121;(46,3)
343;343;(1,6)
807;807;(10,6)
266;266;(11,6)
55;55;(16,6)
539;539;(25,6)
80;80;(26,6)
414;414;(35,6)
612;612;(40,6)
172;172;(45,6)
320;320;(46,6)
194;194;(2,7)
759;759;(5,7)
139;139;(6,7)
578;578;(9,7)
543;543;(12,7)
146;146;(15,7)
785;785;(17,7)
265;265;(20,7)
633;633;(21,7)
576;576;(24,7)
183;183;(27,7)
186;186;(30,7)
420;420;(31,7)
349;349;(34,7)
52;52;(36,7)
812;812;(39,7)
537;537;(41,7)
667;667;(44,7)
630;630;(47,7)
596;596;(50,7)
312;312;(2,8)
546;546;(5,8)
444;444;(6,8)
475;475;(9,8)
180;180;(12,8)
203;203;(15,8)
692;692;(17,8)
372;372;(20,8)
637;637;(21,8)
318;318;(24,8)
528;528;(27,8)
83;83;(30,8)
94;94;(31,8)
430;430;(34,8)
16;16;(36,8)
490;490;(39,8)
557;557;(41,8)
469;469;(44,8)
405;405;(47,8)
411;411;(50,8)
549;549;(2,9)
25;25;(5,9)
295;295;(6,9)
474;474;(9,9)
333;333;(12,9)
503;503;(15,9)
373;373;(17,9)
54;54;(20,9)
254;254;(21,9)
816;816;(24,9)
669;669;(27,9)
707;707;(30,9)
120;120;(31,9)
158;158;(34,9)
229;229;(36,9)
462;462;(39,9)
210;210;(41,9)
710;710;(44,9)
251;251;(47,9)
819;819;(50,9)
363;363;(2,10)
726;726;(5,10)
439;439;(6,10)
273;273;(9,10)
545;545;(12,10)
711;711;(15,10)
739;739;(17,10)
278;278;(20,10)
134;134;(21,10)
787;787;(24,10)
274;274;(27,10)
4;4;(30,10)
352;352;(31,10)
294;294;(34,10)
758;758;(36,10)
253;253;(39,10)
661;661;(41,10)
428;428;(44,10)
101;101;(47,10)
91;91;(50,10)
126;126;(2,11)
778;778;(5,11)
72;72;(6,11)
323;323;(9,11)
603;603;(12,11)
631;631;(15,11)
395;395;(17,11)
646;646;(20,11)
117;117;(21,11)
625;625;(24,11)
690;690;(27,11)
310;310;(30,11)
804;804;(31,11)
464;464;(34,11)
299;299;(36,11)
216;216;(39,11)
679;679;(41,11)
257;257;(44,11)
109;109;(47,11)
243;243;(50,11)
526;526;(2,12)
678;678;(5,12)
418;418;(6,12)
786;786;(9,12)
525;525;(12,12)
356;356;(15,12)
8;8;(17,12)
155;155;(20,12)
287;287;(21,12)
417;417;(24,12)
225;225;(27,12)
676;676;(30,12)
230;230;(31,12)
394;394;(34,12)
112;112;(36,12)
656;656;(39,12)
241;241;(41,12)
148;148;(44,12)
607;607;(47,12)
316;316;(50,12)
330;330;(2,13)
188;188;(5,13)
189;189;(6,13)
19;19;(9,13)
90;90;(12,13)
519;519;(15,13)
128;128;(17,13)
757;757;(20,13)
348;348;(21,13)
433;433;(24,13)
485;485;(27,13)
497;497;(30,13)
701;701;(31,13)
217;217;(34,13)
228;228;(36,13)
815;815;(39,13)
724;724;(41,13)
657;657;(44,13)
575;575;(47,13)
58;58;(50,13)
558;558;(2,14)
385;385;(5,14)
300;300;(6,14)
431;431;(9,14)
709;709;(12,14)
483;483;(15,14)
237;237;(17,14)
110;110;(20,14)
283;283;(21,14)
193;193;(24,14)
416;416;(27,14)
123;123;(30,14)
2;2;(31,14)
511;511;(34,14)
236;236;(36,14)
204;204;(39,14)
510;510;(41,14)
209;209;(44,14)
351;351;(47,14)
116;116;(50,14)
722;722;(2,15)
3;3;(5,15)
5;5;(6,15)
124;124;(9,15)
97;97;(12,15)
471;471;(15,15)
24;24;(17,15)
422;422;(20,15)
346;346;(21,15)
598;598;(24,15)
671;671;(27,15)
156;156;(30,15)
674;674;(31,15)
289;289;(34,15)
181;181;(36,15)
250;250;(39,15)
64;64;(41,15)
642;642;(44,15)
508;508;(47,15)
790;790;(50,15)
488;488;(2,16)
182;182;(5,16)
28;28;(6,16)
660;660;(9,16)
220;220;(12,16)
658;658;(15,16)
81;81;(17,16)
325;325;(20,16)
419;419;(21,16)
441;441;(24,16)
500;500;(27,16)
606;606;(30,16)
154;154;(31,16)
789;789;(34,16)
442;442;(36,16)
622;622;(39,16)
604;604;(41,16)
458;458;(44,16)
66;66;(47,16)
762;762;(50,16)
653;653;(2,17)
46;46;(5,17)
443;443;(6,17)
668;668;(9,17)
648;648;(12,17)
586;586;(15,17)
477;477;(17,17)
233;233;(20,17)
285;285;(21,17)
162;162;(24,17)
551;551;(27,17)
553;553;(30,17)
777;777;(31,17)
144;144;(34,17)
450;450;(36,17)
754;754;(39,17)
801;801;(41,17)
719;719;(44,17)
655;655;(47,17)
43;43;(50,17)
202;202;(2,18)
559;559;(5,18)
137;137;(6,18)
512;512;(9,18)
377;377;(12,18)
561;561;(15,18)
401;401;(17,18)
26;26;(20,18)
423;423;(21,18)
153;153;(24,18)
362;362;(27,18)
588;588;(30,18)
358;358;(31,18)
750;750;(34,18)
371;371;(36,18)
581;581;(39,18)
611;611;(41,18)
470;470;(44,18)
649;649;(47,18)
322;322;(50,18)
666;666;(2,19)
280;280;(5,19)
364;364;(6,19)
403;403;(9,19)
36;36;(12,19)
107;107;(15,19)
517;517;(17,19)
98;98;(20,19)
645;645;(21,19)
56;56;(24,19)
69;69;(27,19)
651;651;(30,19)
499;499;(31,19)
84;84;(34,19)
341;341;(36,19)
88;88;(39,19)
756;756;(41,19)
61;61;(44,19)
665;665;(47,19)
277;277;(50,19)
290;290;(2,20)
21;21;(5,20)
315;315;(6,20)
810;810;(9,20)
425;425;(12,20)
436;436;(15,20)
361;361;(17,20)
781;781;(20,20)
174;174;(21,20)
374;374;(24,20)
86;86;(27,20)
683;683;(30,20)
509;509;(31,20)
111;111;(34,20)
141;141;(36,20)
386;386;(39,20)
426;426;(41,20)
332;332;(44,20)
608;608;(47,20)
42;42;(50,20)
520;520;(1,21)
261;261;(10,21)
621;621;(11,21)
143;143;(16,21)
740;740;(25,21)
147;147;(26,21)
170;170;(35,21)
307;307;(40,21)
547;547;(45,21)
580;580;(46,21)
730;730;(1,24)
359;359;(10,24)
650;650;(11,24)
53;53;(16,24)
809;809;(25,24)
776;776;(26,24)
662;662;(35,24)
29;29;(40,24)
623;623;(45,24)
175;175;(46,24)
161;161;(2,25)
118;118;(5,25)
583;583;(6,25)
706;706;(9,25)
47;47;(12,25)
793;793;(15,25)
167;167;(17,25)
76;76;(20,25)
421;421;(21,25)
532;532;(24,25)
309;309;(27,25)
173;173;(30,25)
281;281;(31,25)
160;160;(34,25)
507;507;(36,25)
201;201;(39,25)
791;791;(41,25)
472;472;(44,25)
390;390;(47,25)
448;448;(50,25)
504;504;(2,26)
336;336;(5,26)
735;735;(6,26)
736;736;(9,26)
145;145;(12,26)
811;811;(15,26)
585;585;(17,26)
396;396;(20,26)
560;560;(21,26)
41;41;(24,26)
30;30;(27,26)
392;392;(30,26)
226;226;(31,26)
45;45;(34,26)
85;85;(36,26)
49;49;(39,26)
271;271;(41,26)
566;566;(44,26)
805;805;(47,26)
794;794;(50,26)
288;288;(2,27)
518;518;(5,27)
753;753;(6,27)
684;684;(9,27)
382;382;(12,27)
702;702;(15,27)
737;737;(17,27)
159;159;(20,27)
748;748;(21,27)
627;627;(24,27)
564;564;(27,27)
355;355;(30,27)
731;731;(31,27)
20;20;(34,27)
284;284;(36,27)
303;303;(39,27)
365;365;(41,27)
211;211;(44,27)
522;522;(47,27)
406;406;(50,27)
340;340;(2,28)
434;434;(5,28)
529;529;(6,28)
247;247;(9,28)
367;367;(12,28)
199;199;(15,28)
486;486;(17,28)
496;496;(20,28)
695;695;(21,28)
400;400;(24,28)
169;169;(27,28)
760;760;(30,28)
1;1;(31,28)
715;715;(34,28)
641;641;(36,28)
317;317;(39,28)
240;240;(41,28)
215;215;(44,28)
324;324;(47,28)
10;10;(50,28)
184;184;(2,29)
397;397;(5,29)
620;620;(6,29)
119;119;(9,29)
140;140;(12,29)
380;380;(15,29)
704;704;(17,29)
457;457;(20,29)
677;677;(21,29)
415;415;(24,29)
618;618;(27,29)
106;106;(30,29)
256;256;(31,29)
567;567;(34,29)
260;260;(36,29)
775;775;(39,29)
391;391;(41,29)
246;246;(44,29)
487;487;(47,29)
345;345;(50,29)
694;694;(2,30)
335;335;(5,30)
177;177;(6,30)
11;11;(9,30)
635;635;(12,30)
108;108;(15,30)
331;331;(17,30)
412;412;(20,30)
196;196;(21,30)
554;554;(24,30)
480;480;(27,30)
782;782;(30,30)
9;9;(31,30)
524;524;(34,30)
179;179;(36,30)
440;440;(39,30)
131;131;(41,30)
689;689;(44,30)
96;96;(47,30)
732;732;(50,30)
725;725;(2,31)
688;688;(5,31)
771;771;(6,31)
337;337;(9,31)
252;252;(12,31)
686;686;(15,31)
399;399;(17,31)
591;591;(20,31)
100;100;(21,31)
234;234;(24,31)
409;409;(27,31)
77;77;(30,31)
513;513;(31,31)
555;555;(34,31)
79;79;(36,31)
376;376;(39,31)
712;712;(41,31)
746;746;(44,31)
452;452;(47,31)
70;70;(50,31)
640;640;(2,32)
565;565;(5,32)
78;78;(6,32)
696;696;(9,32)
752;752;(12,32)
535;535;(15,32)
533;533;(17,32)
384;384;(20,32)
339;339;(21,32)
751;751;(24,32)
370;370;(27,32)
729;729;(30,32)
556;556;(31,32)
269;269;(34,32)
813;813;(36,32)
495;495;(39,32)
498;498;(41,32)
445;445;(44,32)
353;353;(47,32)
398;398;(50,32)
122;122;(2,33)
270;270;(5,33)
570;570;(6,33)
626;626;(9,33)
769;769;(12,33)
326;326;(15,33)
579;579;(17,33)
17;17;(20,33)
32;32;(21,33)
602;602;(24,33)
723;723;(27,33)
393;393;(30,33)
319;319;(31,33)
572;572;(34,33)
205;205;(36,33)
73;73;(39,33)
127;127;(41,33)
463;463;(44,33)
476;476;(47,33)
245;245;(50,33)
68;68;(2,34)
779;779;(5,34)
492;492;(6,34)
437;437;(9,34)
592;592;(12,34)
698;698;(15,34)
700;700;(17,34)
7;7;(20,34)
65;65;(21,34)
788;788;(24,34)
89;89;(27,34)
206;206;(30,34)
703;703;(31,34)
516;516;(34,34)
610;610;(36,34)
728;728;(39,34)
151;151;(41,34)
738;738;(44,34)
291;291;(47,34)
451;451;(50,34)
808;808;(2,35)
190;190;(5,35)
413;413;(6,35)
259;259;(9,35)
638;638;(12,35)
749;749;(15,35)
609;609;(17,35)
176;176;(20,35)
664;664;(21,35)
301;301;(24,35)
279;279;(27,35)
33;33;(30,35)
62;62;(31,35)
239;239;(34,35)
402;402;(36,35)
171;171;(39,35)
99;99;(41,35)
435;435;(44,35)
617;617;(47,35)
344;344;(50,35)
432;432;(2,36)
447;447;(5,36)
506;506;(6,36)
366;366;(9,36)
659;659;(12,36)
157;157;(15,36)
800;800;(17,36)
589;589;(20,36)
305;305;(21,36)
699;699;(24,36)
491;491;(27,36)
632;632;(30,36)
569;569;(31,36)
672;672;(34,36)
717;717;(36,36)
818;818;(39,36)
14;14;(41,36)
796;796;(44,36)
35;35;(47,36)
718;718;(50,36)
681;681;(2,37)
334;334;(5,37)
198;198;(6,37)
354;354;(9,37)
231;231;(12,37)
71;71;(15,37)
552;552;(17,37)
548;548;(20,37)
164;164;(21,37)
594;594;(24,37)
599;599;(27,37)
515;515;(30,37)
523;523;(31,37)
357;357;(34,37)
275;275;(36,37)
587;587;(39,37)
766;766;(41,37)
268;268;(44,37)
505;505;(47,37)
449;449;(50,37)
605;605;(2,38)
466;466;(5,38)
799;799;(6,38)
321;321;(9,38)
375;375;(12,38)
235;235;(15,38)
680;680;(17,38)
6;6;(20,38)
129;129;(21,38)
619;619;(24,38)
573;573;(27,38)
673;673;(30,38)
248;248;(31,38)
105;105;(34,38)
427;427;(36,38)
95;95;(39,38)
360;360;(41,38)
262;262;(44,38)
255;255;(47,38)
774;774;(50,38)
705;705;(1,39)
44;44;(10,39)
708;708;(11,39)
721;721;(16,39)
459;459;(25,39)
87;87;(26,39)
482;482;(35,39)
338;338;(40,39)
125;125;(45,39)
135;135;(46,39)
720;720;(1,42)
473;473;(10,42)
34;34;(11,42)
212;212;(16,42)
763;763;(25,42)
493;493;(26,42)
267;267;(35,42)
494;494;(40,42)
258;258;(45,42)
590;590;(46,42)
379;379;(2,43)
456;456;(5,43)
568;568;(6,43)
478;478;(9,43)
636;636;(12,43)
163;163;(15,43)
652;652;(17,43)
820;820;(20,43)
792;792;(21,43)
424;424;(24,43)
142;142;(27,43)
92;92;(30,43)
639;639;(31,43)
292;292;(34,43)
716;716;(36,43)
282;282;(39,43)
302;302;(41,43)
693;693;(44,43)
798;798;(47,43)
264;264;(50,43)
501;501;(2,44)
687;687;(5,44)
803;803;(6,44)
149;149;(9,44)
115;115;(12,44)
761;761;(15,44)
531;531;(17,44)
166;166;(20,44)
455;455;(21,44)
747;747;(24,44)
57;57;(27,44)
534;534;(30,44)
768;768;(31,44)
743;743;(34,44)
467;467;(36,44)
304;304;(39,44)
191;191;(41,44)
670;670;(44,44)
571;571;(47,44)
755;755;(50,44)
454;454;(2,45)
536;536;(5,45)
468;468;(6,45)
577;577;(9,45)
130;130;(12,45)
767;767;(15,45)
293;293;(17,45)
814;814;(20,45)
218;218;(21,45)
185;185;(24,45)
227;227;(27,45)
113;113;(30,45)
313;313;(31,45)
615;615;(34,45)
342;342;(36,45)
562;562;(39,45)
195;195;(41,45)
582;582;(44,45)
484;484;(47,45)
350;350;(50,45)
12;12;(2,46)
597;597;(5,46)
797;797;(6,46)
192;192;(9,46)
388;388;(12,46)
460;460;(15,46)
538;538;(17,46)
102;102;(20,46)
74;74;(21,46)
595;595;(24,46)
387;387;(27,46)
329;329;(30,46)
48;48;(31,46)
741;741;(34,46)
527;527;(36,46)
93;93;(39,46)
197;197;(41,46)
727;727;(44,46)
613;613;(47,46)
628;628;(50,46)
244;244;(2,47)
429;429;(5,47)
806;806;(6,47)
410;410;(9,47)
249;249;(12,47)
286;286;(15,47)
138;138;(17,47)
514;514;(20,47)
584;584;(21,47)
314;314;(24,47)
697;697;(27,47)
540;540;(30,47)
187;187;(31,47)
327;327;(34,47)
465;465;(36,47)
208;208;(39,47)
745;745;(41,47)
40;40;(44,47)
306;306;(47,47)
502;502;(50,47)
207;207;(2,48)
38;38;(5,48)
764;764;(6,48)
461;461;(9,48)
479;479;(12,48)
616;616;(15,48)
213;213;(17,48)
783;783;(20,48)
133;133;(21,48)
308;308;(24,48)
713;713;(27,48)
629;629;(30,48)
59;59;(31,48)
13;13;(34,48)
600;600;(36,48)
347;347;(39,48)
744;744;(41,48)
574;574;(44,48)
18;18;(47,48)
563;563;(50,48)
773;773;(2,49)
446;446;(5,49)
404;404;(6,49)
238;238;(9,49)
200;200;(12,49)
152;152;(15,49)
31;31;(17,49)
168;168;(20,49)
714;714;(21,49)
407;407;(24,49)
114;114;(27,49)
27;27;(30,49)
223;223;(31,49)
165;165;(34,49)
644;644;(36,49)
481;481;(39,49)
817;817;(41,49)
647;647;(44,49)
383;383;(47,49)
136;136;(50,49)
643;643;(2,50)
75;75;(5,50)
614;614;(6,50)
67;67;(9,50)
770;770;(12,50)
742;742;(15,50)
298;298;(17,50)
795;795;(20,50)
221;221;(21,50)
224;224;(24,50)
734;734;(27,50)
22;22;(30,50)
368;368;(31,50)
685;685;(34,50)
82;82;(36,50)
23;23;(39,50)
542;542;(41,50)
765;765;(44,50)
63;63;(47,50)
381;381;(50,50)
:end
:Cars
86;(14,50);(4,50)
235;(37,44);(29,49)
:end
