width = 20
height = 20
:Roads
21;21;(4,1)(4,20)(5,20)(5,1)
22;22;(10,1)(10,20)(11,20)(11,1)
23;23;(14,1)(14,20)(15,20)(15,1)
1;1;(1,3)(20,3)(20,2)(1,2)
2;2;(1,7)(20,7)(20,6)(1,6)
3;3;(1,11)(20,11)(20,10)(1,10)
4;4;(1,15)(20,15)(20,14)(1,14)
5;5;(1,19)(20,19)(20,18)(1,18)
:end
:Signals
60;(3,9);green;8;[63];[61,62]
61;(3,12);red;8;[62];[60,63]
62;(6,9);red;8;[61];[60,63]
63;(6,12);green;8;[60];[61,62]
56;(9,13);green;10;[59];[57,58]
57;(9,16);red;10;[58];[56,59]
58;(12,13);red;10;[57];[56,59]
59;(12,16);green;10;[56];[57,58]
52;(13,1);green;5;[55];[53,54]
53;(13,4);red;5;[54];[52,55]
54;(16,1);red;5;[53];[52,55]
55;(16,4);green;5;[52];[53,54]
48;(13,13);green;8;[51];[49,50]
49;(13,16);red;8;[50];[48,51]
50;(16,13);red;8;[49];[48,51]
51;(16,16);green;8;[48];[49,50]
44;(3,5);green;10;[47];[45,46]
45;(3,8);red;10;[46];[44,47]
46;(6,5);red;10;[45];[44,47]
47;(6,8);green;10;[44];[45,46]
40;(9,1);green;6;[43];[41,42]
41;(9,4);red;6;[42];[40,43]
42;(12,1);red;6;[41];[40,43]
43;(12,4);green;6;[40];[41,42]
36;(9,9);green;5;[39];[37,38]
37;(9,12);red;5;[38];[36,39]
38;(12,9);red;5;[37];[36,39]
39;(12,12);green;5;[36];[37,38]
32;(3,13);green;8;[35];[33,34]
33;(3,16);red;8;[34];[32,35]
34;(6,13);red;8;[33];[32,35]
35;(6,16);green;8;[32];[33,34]
28;(13,17);green;10;[31];[29,30]
29;(13,20);red;10;[30];[28,31]
30;(16,17);red;10;[29];[28,31]
31;(16,20);green;10;[28];[29,30]
24;(13,5);green;10;[27];[25,26]
25;(13,8);red;10;[26];[24,27]
26;(16,5);red;10;[25];[24,27]
27;(16,8);green;10;[24];[25,26]
20;(9,5);red;7;[23];[21,22]
21;(9,8);green;7;[22];[20,23]
22;(12,5);green;7;[21];[20,23]
23;(12,8);red;7;[20];[21,22]
16;(3,1);green;10;[19];[17,18]
17;(3,4);red;10;[18];[16,19]
18;(6,1);red;10;[17];[16,19]
19;(6,4);green;10;[16];[17,18]
12;(3,17);green;10;[15];[13,14]
13;(3,20);red;10;[14];[12,15]
14;(6,17);red;10;[13];[12,15]
15;(6,20);green;10;[12];[13,14]
8;(13,9);green;8;[11];[9,10]
9;(13,12);red;8;[10];[8,11]
10;(16,9);red;8;[9];[8,11]
11;(16,12);green;8;[8];[9,10]
4;(9,17);green;9;[7];[5,6]
5;(9,20);red;9;[6];[4,7]
6;(12,17);red;9;[5];[4,7]
7;(12,20);green;9;[4];[5,6]
:end
:Buildings
46;46;(1,1)
28;28;(18,1)
10;10;(19,1)
39;39;(20,1)
12;12;(1,4)
34;34;(2,4)
37;37;(8,4)
41;41;(17,4)
43;43;(20,4)
7;7;(2,5)
45;45;(7,5)
19;19;(8,5)
38;38;(18,5)
27;27;(19,5)
8;8;(1,8)
25;25;(2,8)
22;22;(8,8)
35;35;(1,9)
18;18;(7,9)
16;16;(17,9)
6;6;(18,9)
15;15;(19,9)
1;1;(20,9)
40;40;(2,12)
26;26;(8,12)
42;42;(17,12)
4;4;(18,12)
2;2;(1,13)
33;33;(2,13)
11;11;(7,13)
31;31;(8,13)
30;30;(17,13)
5;5;(2,16)
32;32;(8,16)
21;21;(17,16)
23;23;(20,16)
36;36;(1,17)
9;9;(2,17)
14;14;(8,17)
17;17;(17,17)
20;20;(19,17)
3;3;(20,17)
29;29;(2,20)
24;24;(7,20)
13;13;(8,20)
44;44;(18,20)
:end
:Cars
22;(20,6);(20,10)
12;(1,11);(1,3)
:end
