width = 20
height = 20
:Roads
21;21;(4,1)(4,20)(5,20)(5,1)
22;22;(9,1)(9,20)(10,20)(10,1)
23;23;(15,1)(15,20)(16,20)(16,1)
1;1;(1,5)(20,5)(20,4)(1,4)
2;2;(1,10)(20,10)(20,9)(1,9)
3;3;(1,16)(20,16)(20,15)(1,15)
:end
:Signals
:end
:Buildings
54;54;(3,1)
77;77;(6,1)
60;60;(8,1)
89;89;(11,1)
10;10;(14,1)
39;39;(17,1)
87;87;(3,2)
2;2;(6,2)
5;5;(8,2)
70;70;(11,2)
22;22;(14,2)
75;75;(17,2)
43;43;(1,3)
3;3;(2,3)
8;8;(7,3)
12;12;(12,3)
51;51;(13,3)
85;85;(18,3)
18;18;(19,3)
84;84;(20,3)
96;96;(1,6)
25;25;(2,6)
63;63;(7,6)
16;16;(12,6)
80;80;(13,6)
42;42;(18,6)
20;20;(19,6)
49;49;(20,6)
58;58;(3,7)
73;73;(6,7)
86;86;(8,7)
40;40;(11,7)
88;88;(14,7)
14;14;(17,7)
83;83;(1,8)
46;46;(2,8)
81;81;(7,8)
37;37;(12,8)
57;57;(13,8)
56;56;(18,8)
33;33;(19,8)
52;52;(20,8)
82;82;(1,11)
35;35;(2,11)
41;41;(7,11)
68;68;(12,11)
17;17;(13,11)
48;48;(18,11)
24;24;(19,11)
94;94;(20,11)
76;76;(3,12)
67;67;(6,12)
4;4;(8,12)
32;32;(11,12)
78;78;(14,12)
79;79;(17,12)
62;62;(3,13)
92;92;(6,13)
13;13;(8,13)
44;44;(11,13)
7;7;(14,13)
74;74;(17,13)
19;19;(1,14)
28;28;(2,14)
36;36;(7,14)
45;45;(12,14)
61;61;(13,14)
95;95;(18,14)
53;53;(19,14)
34;34;(20,14)
59;59;(1,17)
64;64;(2,17)
21;21;(7,17)
69;69;(12,17)
30;30;(13,17)
93;93;(18,17)
11;11;(19,17)
15;15;(20,17)
65;65;(3,18)
6;6;(6,18)
29;29;(8,18)
47;47;(11,18)
38;38;(14,18)
90;90;(17,18)
66;66;(3,19)
55;55;(6,19)
50;50;(8,19)
9;9;(11,19)
72;72;(14,19)
26;26;(17,19)
27;27;(3,20)
91;91;(6,20)
71;71;(8,20)
1;1;(11,20)
31;31;(14,20)
23;23;(17,20)
:end
:Cars
1;(9,8);(9,20)
2;(8,10);(20,10)
3;(10,11);(10,1)
4;(11,9);(1,9)
:end
