width = 20
height = 20
:Roads
21;21;(3,1)(3,20)(4,20)(4,1)
22;22;(7,1)(7,20)(8,20)(8,1)
23;23;(13,1)(13,20)(14,20)(14,1)
24;24;(17,1)(17,20)(18,20)(18,1)
1;1;(1,4)(20,4)(20,3)(1,3)
2;2;(1,9)(20,9)(20,8)(1,8)
3;3;(1,13)(20,13)(20,12)(1,12)
4;4;(1,18)(20,18)(20,17)(1,17)
:end
:Signals
40;(16,11);green;7;[43];[41,42]
41;(16,14);red;7;[42];[40,43]
42;(19,11);red;7;[41];[40,43]
43;(19,14);green;7;[40];[41,42]
36;(16,2);green;8;[39];[37,38]
37;(16,5);red;8;[38];[36,39]
38;(19,2);red;8;[37];[36,39]
39;(19,5);green;8;[36];[37,38]
32;(12,16);green;6;[35];[33,34]
33;(12,19);red;6;[34];[32,35]
34;(15,16);red;6;[33];[32,35]
35;(15,19);green;6;[32];[33,34]
28;(6,7);green;7;[31];[29,30]
29;(6,10);red;7;[30];[28,31]
30;(9,7);red;7;[29];[28,31]
31;(9,10);green;7;[28];[29,30]
24;(12,7);green;5;[27];[25,26]
25;(12,10);red;5;[26];[24,27]
26;(15,7);red;5;[25];[24,27]
27;(15,10);green;5;[24];[25,26]
20;(16,16);green;7;[23];[21,22]
21;(16,19);red;7;[22];[20,23]
22;(19,16);red;7;[21];[20,23]
23;(19,19);green;7;[20];[21,22]
16;(2,7);green;10;[19];[17,18]
17;(2,10);red;10;[18];[16,19]
18;(5,7);red;10;[17];[16,19]
19;(5,10);green;10;[16];[17,18]
12;(6,2);green;6;[15];[13,14]
13;(6,5);red;6;[14];[12,15]
14;(9,2);red;6;[13];[12,15]
15;(9,5);green;6;[12];[13,14]
8;(12,2);green;5;[11];[9,10]
9;(12,5);red;5;[10];[8,11]
10;(15,2);red;5;[9];[8,11]
11;(15,5);green;5;[8];[9,10]
4;(2,11);green;5;[7];[5,6]
5;(2,14);red;5;[6];[4,7]
6;(5,11);red;5;[5];[4,7]
7;(5,14);green;5;[4];[5,6]
:end
:Buildings
19;19;(9,1)
40;40;(12,1)
7;7;(15,1)
9;9;(16,1)
27;27;(1,2)
25;25;(10,2)
31;31;(11,2)
37;37;(20,2)
23;23;(1,5)
8;8;(10,5)
18;18;(2,6)
33;33;(6,6)
34;34;(9,6)
12;12;(12,6)
13;13;(15,6)
5;5;(16,6)
35;35;(19,6)
28;28;(1,7)
16;16;(10,7)
17;17;(1,10)
14;14;(10,10)
38;38;(20,10)
6;6;(1,11)
36;36;(10,11)
4;4;(11,11)
20;20;(1,14)
39;39;(10,14)
24;24;(11,14)
22;22;(2,15)
21;21;(6,15)
30;30;(16,15)
11;11;(19,15)
1;1;(10,16)
29;29;(20,16)
15;15;(1,19)
26;26;(11,19)
2;2;(2,20)
32;32;(5,20)
3;3;(12,20)
10;10;(19,20)
:end
:Cars
20;(13,20);(10,3)
19;(1,13);(18,20)
18;(11,13);(20,17)
17;(4,20);(10,8)
16;(1,12);(1,18)
15;(10,17);(8,1)
14;(20,9);(10,12)
13;(1,8);(13,6)
12;(1,3);(11,3)
11;(10,13);(1,9)
10;(17,15);(10,9)
9;(14,6);(18,15)
8;(14,1);(17,6)
7;(11,12);(10,4)
6;(13,1);(8,6)
5;(20,3);(3,20)
4;(7,15);(1,4)
3;(3,6);(18,6)
2;(3,15);(7,6)
1;(11,18);(17,1)
:end
